0.00 300.00 300.00 300.00 300.00 300.00 300.00 
0.05 100.00 413.09 463.59 487.40 501.94 512.01 
0.10 100.00 264.64 342.58 383.55 409.70 428.24 
0.15 100.00 171.21 247.39 295.25 328.09 352.35 
0.20 100.00 124.84 181.04 226.02 260.19 286.93 
0.25 100.00 106.84 140.09 176.01 207.10 233.35 
0.30 100.00 101.44 117.75 142.74 168.13 191.76 
0.35 100.00 100.23 107.00 122.39 141.43 161.43 
0.40 100.00 100.02 102.45 111.07 124.64 141.13 
0.45 100.00 100.00 100.80 105.60 115.57 129.57 
0.50 100.00 100.00 100.40 104.01 112.73 125.84 
0.55 100.00 100.00 100.80 105.60 115.57 129.57 
0.60 100.00 100.02 102.45 111.07 124.64 141.13 
0.65 100.00 100.23 107.00 122.39 141.43 161.43 
0.70 100.00 101.44 117.75 142.74 168.13 191.76 
0.75 100.00 106.84 140.09 176.01 207.10 233.35 
0.80 100.00 124.84 181.04 226.02 260.19 286.93 
0.85 100.00 171.21 247.39 295.25 328.09 352.35 
0.90 100.00 264.64 342.58 383.55 409.70 428.24 
0.95 100.00 413.09 463.59 487.40 501.94 512.01 
1.00 300.00 300.00 300.00 300.00 300.00 300.00 
