0.00 300.00 300.00 300.00 300.00 300.00 300.00 
0.05 100.00 246.34 261.12 268.00 272.26 275.37 
0.10 100.00 198.39 224.47 237.27 245.39 251.42 
0.15 100.00 160.10 191.92 208.93 220.21 228.81 
0.20 100.00 133.00 164.68 183.87 197.40 208.11 
0.25 100.00 116.01 143.24 162.67 177.53 189.84 
0.30 100.00 106.77 127.41 145.58 160.96 174.40 
0.35 100.00 102.40 116.51 132.60 147.94 162.10 
0.40 100.00 100.70 109.62 123.58 138.60 153.17 
0.45 100.00 100.15 105.89 118.28 133.00 147.76 
0.50 100.00 100.04 104.72 116.54 131.13 145.95 
0.55 100.00 100.15 105.89 118.28 133.00 147.76 
0.60 100.00 100.70 109.62 123.58 138.60 153.17 
0.65 100.00 102.40 116.51 132.60 147.94 162.10 
0.70 100.00 106.77 127.41 145.58 160.96 174.40 
0.75 100.00 116.01 143.24 162.67 177.53 189.84 
0.80 100.00 133.00 164.68 183.87 197.40 208.11 
0.85 100.00 160.10 191.92 208.93 220.21 228.81 
0.90 100.00 198.39 224.47 237.27 245.39 251.42 
0.95 100.00 246.34 261.12 268.00 272.26 275.37 
1.00 300.00 300.00 300.00 300.00 300.00 300.00 
