0.00 300.00 300.00 300.00 300.00 300.00 300.00 
0.05 100.00 242.47 259.69 267.23 271.80 275.07 
0.10 100.00 192.98 222.05 235.90 244.55 250.86 
0.15 100.00 155.86 189.21 207.26 219.14 228.07 
0.20 100.00 131.12 162.36 182.23 196.28 207.28 
0.25 100.00 116.22 141.75 161.35 176.51 189.02 
0.30 100.00 107.97 126.88 144.77 160.19 173.66 
0.35 100.00 103.73 116.81 132.38 147.48 161.49 
0.40 100.00 101.70 110.52 123.87 138.43 152.69 
0.45 100.00 100.82 107.13 118.93 133.02 147.38 
0.50 100.00 100.58 106.07 117.31 131.22 145.60 
0.55 100.00 100.82 107.13 118.93 133.02 147.38 
0.60 100.00 101.70 110.52 123.87 138.43 152.69 
0.65 100.00 103.73 116.81 132.38 147.48 161.49 
0.70 100.00 107.97 126.88 144.77 160.19 173.66 
0.75 100.00 116.22 141.75 161.35 176.51 189.02 
0.80 100.00 131.12 162.36 182.23 196.28 207.28 
0.85 100.00 155.86 189.21 207.26 219.14 228.07 
0.90 100.00 192.98 222.05 235.90 244.55 250.86 
0.95 100.00 242.47 259.69 267.23 271.80 275.07 
1.00 300.00 300.00 300.00 300.00 300.00 300.00 
